[ 
[1,8000,2.77505e-09],
[1,16000,2.54384e-09],
[1,32000,2.51886e-09],
[1,64000,2.56765e-09],
[2,8000,2.53245e-09],
[2,16000,2.53315e-09],
[2,32000,2.51449e-09],
[2,64000,2.50776e-09],
[4,8000,2.4703e-09],
[4,16000,2.49555e-09],
[4,32000,2.56419e-09],
[4,64000,2.52413e-09],
[8,8000,2.4812e-09],
[8,16000,2.49215e-09],
[8,32000,2.55117e-09],
[8,64000,2.50682e-09],
[16,8000,2.5638e-09],
[16,16000,2.7289e-09],
[16,32000,2.6516e-09],
[16,64000,2.55288e-09],
[32,8000,2.4644e-09],
[32,16000,2.5942e-09],
[32,32000,2.5331e-09],
[32,64000,2.58195e-09],
[64,8000,2.5424e-09],
[64,16000,2.6452e-09],
[64,32000,2.5344e-09],
[64,64000,2.5899e-09],
[128,8000,2.61774e-09],
[128,16000,2.596e-09],
[128,32000,2.6084e-09],
[128,64000,2.5838e-09],
[256,8000,2.27419e-09],
[256,16000,2.65484e-09],
[256,32000,2.6024e-09],
[256,64000,2.5452e-09],
[1024,8000,1.84286e-09],
[1024,16000,2.16667e-09],
[1024,32000,2.33548e-09],
[1024,64000,2.6e-09],
]
